{
  "advancedEditorSelectedIdentifier" : "ProjectBrowser",
  "openSceneRelativePaths" : [
    "Immersive.usda",
    "ImmersiveScene.usda"
  ],
  "recentIdentifiers" : {

  },
  "sceneCameraHistory" : {
    "1D572CEB-057A-41C3-B575-04C37501A3C0" : [
      {
        "date" : 735395614.004263,
        "title" : "Untitled",
        "transform" : [
          0.99999994,
          0,
          0,
          0,
          0,
          0.86602587,
          -0.49999908,
          0,
          0,
          0.49999908,
          0.86602587,
          0,
          -0.09179821,
          2.2832458,
          0.40024185,
          1
        ]
      },
      {
        "date" : 735392079.456359,
        "title" : "Untitled",
        "transform" : [
          0.99999994,
          0,
          0,
          0,
          0,
          0.86602587,
          -0.49999908,
          0,
          0,
          0.49999908,
          0.86602587,
          0,
          -0.09179839,
          2.1475122,
          0.47860742,
          1
        ]
      },
      {
        "date" : 735392071.153091,
        "title" : "Untitled",
        "transform" : [
          0.99999994,
          0,
          0,
          0,
          0,
          0.86602587,
          -0.49999908,
          0,
          0,
          0.49999908,
          0.86602587,
          0,
          0.11820179,
          3.7202492,
          3.952673,
          1
        ]
      },
      {
        "date" : 735392066.143631,
        "title" : "Untitled",
        "transform" : [
          0.99999994,
          0,
          0,
          0,
          0,
          0.86602587,
          -0.49999908,
          0,
          0,
          0.49999908,
          0.86602587,
          0,
          0.09261739,
          3.4567318,
          4.1048126,
          1
        ]
      },
      {
        "date" : 735391926.648172,
        "title" : "Untitled",
        "transform" : [
          0.99999994,
          0,
          0,
          0,
          0,
          0.86602587,
          -0.49999908,
          0,
          0,
          0.49999908,
          0.86602587,
          0,
          -4.708767e-06,
          3.2275047,
          4.2371564,
          1
        ]
      },
      {
        "date" : 735391924.972679,
        "title" : "Untitled",
        "transform" : [
          0.99999994,
          0,
          0,
          0,
          0,
          0.86602587,
          -0.49999908,
          0,
          0,
          0.49999908,
          0.86602587,
          0,
          1.7881393e-07,
          3.7262535,
          3.9492044,
          1
        ]
      },
      {
        "date" : 735391923.267571,
        "title" : "Untitled",
        "transform" : [
          0.99999994,
          0,
          -0,
          0,
          -0,
          0.86602587,
          -0.49999908,
          0,
          0,
          0.49999908,
          0.86602587,
          0,
          0,
          3.5584536,
          4.0460835,
          1
        ]
      }
    ],
    "12899BD7-FADB-4C4A-B378-2D8A56C2F0BB" : [
      {
        "date" : 735395610.562232,
        "title" : "Untitled",
        "transform" : [
          0.99908143,
          -4.449339e-08,
          0.04285131,
          0,
          0.0129912915,
          0.95293635,
          -0.30289194,
          0,
          -0.040834557,
          0.3031704,
          0.952061,
          0,
          -0.09117991,
          1.7353799,
          -0.4284675,
          1
        ]
      },
      {
        "date" : 735393095.335312,
        "title" : "Untitled",
        "transform" : [
          0.99908143,
          -4.449339e-08,
          0.04285131,
          0,
          0.0129912915,
          0.95293635,
          -0.30289194,
          0,
          -0.040834557,
          0.3031704,
          0.952061,
          0,
          -0.08283493,
          1.816536,
          -0.45395258,
          1
        ]
      },
      {
        "date" : 735393092.136893,
        "title" : "Untitled",
        "transform" : [
          0.9990815,
          -4.3634216e-08,
          0.04285131,
          0,
          0.0129912915,
          0.95293635,
          -0.30289194,
          0,
          -0.04083456,
          0.3031704,
          0.95206106,
          0,
          0.43286863,
          1.7905307,
          -0.34874097,
          1
        ]
      },
      {
        "date" : 735393034.751045,
        "title" : "Untitled",
        "transform" : [
          0.9912915,
          6.5078978e-09,
          -0.13168639,
          0,
          -0.019422378,
          0.98906356,
          -0.14620517,
          0,
          0.13024622,
          0.1474896,
          0.98045033,
          0,
          0.7309727,
          1.5168364,
          -0.3528445,
          1
        ]
      },
      {
        "date" : 735393027.523185,
        "title" : "Untitled",
        "transform" : [
          0.9912915,
          6.5078978e-09,
          -0.13168639,
          0,
          -0.019422378,
          0.98906356,
          -0.14620517,
          0,
          0.13024622,
          0.1474896,
          0.98045033,
          0,
          0.84884506,
          1.6503154,
          0.53446335,
          1
        ]
      },
      {
        "date" : 735393023.483955,
        "title" : "Untitled",
        "transform" : [
          0.99129134,
          -1.1196171e-09,
          -0.13168637,
          0,
          -0.019422388,
          0.9890636,
          -0.14620522,
          0,
          0.13024622,
          0.14748959,
          0.9804504,
          0,
          0.6577322,
          1.2256999,
          -0.812644,
          1
        ]
      },
      {
        "date" : 735393021.662336,
        "title" : "Untitled",
        "transform" : [
          0.9937153,
          -2.2062818e-10,
          -0.11193815,
          0,
          -0.025436394,
          0.9738397,
          -0.2258079,
          0,
          0.109009825,
          0.227236,
          0.9677194,
          0,
          0.62704647,
          1.3204722,
          -0.8721621,
          1
        ]
      },
      {
        "date" : 735393018.296153,
        "title" : "Untitled",
        "transform" : [
          0.996367,
          9.098758e-11,
          -0.08516392,
          0,
          -0.022079978,
          0.9658063,
          -0.25832242,
          0,
          0.08225187,
          0.2592643,
          0.9622976,
          0,
          0.59429884,
          1.3574971,
          -0.89675915,
          1
        ]
      },
      {
        "date" : 735393014.54732,
        "title" : "Untitled",
        "transform" : [
          0.9995943,
          -8.619355e-11,
          0.028482074,
          0,
          0.0151778795,
          0.84618294,
          -0.53267616,
          0,
          -0.024101047,
          0.5328923,
          0.8458397,
          0,
          0.4770809,
          1.6462195,
          -1.1956437,
          1
        ]
      },
      {
        "date" : 735393003.402545,
        "title" : "Untitled",
        "transform" : [
          0.99999994,
          0,
          -0,
          0,
          -0,
          0.8660254,
          -0.49999988,
          0,
          0,
          0.49999988,
          0.8660254,
          0,
          0.49999997,
          1.6144685,
          -1.1518883,
          1
        ]
      }
    ]
  },
  "selectedSceneRelativePath" : "ImmersiveScene.usda"
}